38312361
144126191
176320211
510925521
108255531
384659711
32067841
301728521
302310521
57711131
54716781
96547681
79064521
104700801
108780001
37796891
38656571
38356751
74393001
100764601
122111171
118167741
240443751
71174231
50787721
28167921
298044011
89357391
44034461
206085461
150223771
154133151
65046011
87985231
153807071
141517111
35616871
85780691
26514251
117378101
138274251
123934351
74945251
67043311
68030681
77190391
24278361
171633391
89941791
78390881
NO_ASSET
NO_ASSET
117222531
52827831
42407361
70120391
31190561
53377411
161583061
81345741
183169991
76777611
204572551
74437611
138132341
101298471
344097731
148312271
23750451
154989101
87383491
120561561
545364851
127952371
213296291
174469391
145450851
136428301
25374031
67358631
46318621
47178041
37585061
61609911
214976901
43617631
152758471
203004181
424325641
59337871
88755591
49317741
84730881
45828781
113698321
205784341
213758631
63333271
62234821
37675171
72658801
232254641
20577591
79113301
206088171
69204061
224102271
295477601
71411311
189981051
177564981
63965801
144118841
137957921
104041361
127063901
206096031
133670791
32454021
176536941
204331771
78182031
162780751
85561591
158001791
54496371
79142081
41891371
70042661
244645991
34766491
106274081
55711601
43506151
121083301
81054051
50583801
39185071
32304631
86109331
35998481
68156201
167721121
66270981
237452191
126022321
194846751
336306481
76673601
56784401
125399971
182291411
26854431
84752301
37949171
142019811
141554001
187751161
64592231
127950771
85683991
212373831
225832611
179882371
149350671
204071231
59866301
81277181
101401351
198128151
184551601
35139181
89351091
NO_ASSET
NO_ASSET
NO_ASSET
49467211
142725311
178168011
548598991
204169001
310351311
66148861
33607341
NO_ASSET
80773171
66696251
522199701
118973291
127437251
234872581
598292181
72050461
27555941
33651091
407694591
21613741
35896451
76208381
49396701
37628601
90106251
40853731
189980861
38662731
325266131
199570401
87518211
40159631
62907991
66145871
224087471
50159851
43906391
34487931
205818981
83919101
87856741
52037961
297729581
58335701
123957791
NO_ASSET
NO_ASSET
NO_ASSET
NO_ASSET
41017261
69704721
42758271
243991571
77809821
240593251
91736511
93676201
123315221
176674031
60716171
27316971
61137711
40505401
546530521
66826081
45286641
121532741
55828741
46116681
278359041
62952351
442629441
542308271
175770481
68155801
64099051
168687521
110888191
399848441
99835161
39704401
71206681
120871651
51411771
49453131
46186291
47650241
77091701
70272291
84413321
63736171
98990721
51360971
73267841
119691681
91076581
81828241
77860381
NO_ASSET
NO_ASSET
NO_ASSET
NO_ASSET
NO_ASSET
NO_ASSET
NO_ASSET
NO_ASSET
NO_ASSET
NO_ASSET
NO_ASSET
164914741
33105551
266546811
26826371
56902681
199094611
68177631
50292081
31262271
49885781
32395781
36361001
243995211
92361831
108949471
172589081
75456271
30939861
34482701
63358541
36909271
63379971
40740951
290513131
566502651
56526941
138319961
95813661
181031211
83984151
41964711
70134081
144703761
206128801
77393551
74707991
92328571
68038491
70087101
169324901
46818151
71317701
200488361
175950791
92688651
45196291
84197941
126538391
222557901
199092581
135206521
64829161
187214751
108393041
204585981
270825891
204308481
22533971
184860041
451495811
71694731
56396301
37111331
82644371
206696001
110116291
26891791
47086131
308299361
204286661
88416591
204922651
22863931
108421381
268786541
116319701
47952981
288484741
164965491
89824821
34555451
83823701
180195071
65880891
65591701
110543221
85767991
111548651
297556571
153073081
26009701
226142081
221531781
37745141
43769021
141394331
97942971
25289651
65452001
242729391
240901201
205468871
205468801
205099621
131532901
205986041
116989051
116455621
205986081
110036701
205473121
56897811
20553811
85780431
204259971
26004771
25659771
115479731
285578111
230141521
127442781
65035121
139204781
83482241
99326591
NO_ASSET
75411721
205909731
51740301
265861671
164999711
64971381
206023801
71511571
612763581
178885211
67791301
36129661
58297481
34748631
137602641
138106321
28140341
204800281
56275381
209005751
64341561
66340331
135445121
47489881
44738021
204865071
80976381
148840991
26671011
608321820
205788951
134815401
88247261
80949781
37759751
200071961
206386901
57240871
69897491
44752151
75502921
36928551
185732931
73640001
74856621
181827861
85682611
44545181
125164501
159743361
205763161
145575881
136442151
91285501
97947051
32782691
109008531
128068191
150274411
310704691
78883761
159812151
65388121
111753411
216671071
174523471
174404171
36092811
284199291
54010471
85118621
104688081
65394511
45254791
217944831
156541651
79411581
160916191
132809891
90228871
71913761
66695881
180499461
74190661
171269941
183671311
38096581
39721771
80699161
204876511
194128801
36345071
206605021
565313991
228909141
90695841
196158331
147649041
60052521
35587261
179035191
38097941
169181001
145305041
250187971
208608621
204251201
67445761
37357381
79131421
66244021
114021591
79870061
292022541
80048611
183174001
216043621
127950291
244185251
39746001
386780491
38375711
35565681
518112191
83848141
123400211
110569521
84814271
104135661
116572821
90663401
394710841
39595971
39593311
204865001
82882571
205792511
137846251
61672311
120065031
57998741
45403311
112399511
31685921
156763421
341956221
88841241
202966721
104962461
61673321
60995321
145435651
124502991
46602241
85274481
79531841
262803821
241599051
83273381
147029441
NO_ASSET
42471711
22113861
242586631
71012261
40742001
216081381
38469041
71959561
115288251
70333571
134530981
130730411
399853701
174586761
166264581
205514681
205799791
22112961
37983011
129459121
30315821
103188481
56240921
244169511
23695461
163458501
58168111
244317321
168514321
145192981
90950361
71428631
140149401
291894711
110643231
186576841
267444381
122352441
121395651
39595511
547262151
45292741
197703541
45855881
262561161
70109731
354537501
47005911
273133441
26949591
405631711
75120341
83966621
36765541
27322491
136555251
215033981
204243991
219416591
150567911
136349881
27272431
289341271
84467431
280135441
209232531
88558461
83714471
206441431
54132261
73969121
59514781
140390641
386922271
32274661
106499991
165207611
197457531
614151347
205113631
20062851
147463251
43291831
87747211
27283761
138792001
166088711
545601351
149052511
244350381
136845721
196656001
33603721
198177391
47440291
204278681
237652131
94255111
52357151
62323411
146013781
168527781
194861121
62177741
96096631
175963401
205784611
66345131
111567401
204295081
61307281
90394081
229763241
236593481
37152141
89715031
214172921
52522901
68582701
53042891
92103541
167911551
89939281
112002281
47538221
134340871
76204251
51566031
212657251
206592681
131194321
21422101
205512831
94807101
136391561
138291711
102331671
144126711
205225201
136877791
103307321
342816701
50091241
NO_ASSET
226683221
115116251
176776991
206170321
126081311
206179471
114943271
205107221
77865971
53811211
49344561
45974291
65135151
79692681
71349041
170736011
52520181
200072291
80951261
68172941
61306761
149679301
183416281
204590591
99249911
121377001
162236021
52742361
142248381
114336911
106358811
112099681
63942211
292321851
111417211
204745771
111309201
297022431
86182961
39633601
301917401
226916371
142692491
107152861
25529751
172593851
52727751
63175241
196089431
188993011
38460231
33571431
118140811
123620341
65155461
34472021
21069591
204516991
40806701
90947601
145007321
78696851
181182101
185353221
45807191
105668011
35712671
48674511
136399511
47706471
219874241
150181731
205973281
64331121
35616301
296937931
26207371
43842071
60333361
98754331
31181801
46917301
88449571
484876451
403829531
608149821
48900061
253875081
101400981
34467851
109510791
76750191
57763581
69106911
47701511
101871931
86200221
54862421
97056091
37608231
39596291
80043191
42285301
98938951
144364031
107416251
26051811
101816051
60689811
22537451
84190681
121767921
135195071
75196501
119969471
204580681
96779161
167541581
206160051
21372161
172335331
141532671
112309421
45881101
313933581
31721801
173394981
32239531
204290351
179624001
32401911
245726901
188562341
159702671
98386651
51358281
228228211
232225421
27328091
149980501
78879241
239403841
569877931
285293751
226225951
31723701
22283191
238668991
283985291
98650201
107458521
170953801
60295321
98468741
110171801
206390961
92334011
93889221
110826271
250810821
179937911
32716691
80628871
146338481
330429081
522921731
94749171
186503261
210295311
185092471
50883661
92042791
86411171
104100491
233712641
257356481
45345081
47682281
62635671
180849021
26849991
55167891
121915901
122119861
111925101
103187841
136696581
206281321
205107321
98849911
204761331
121433471
39665681
33106961
144683961
30828111
30601971
54821941
63687261
79212701
41287731
539455221
205984641
90457721
149959421
43087121
54800201
486694351
608740816
477344911
176767821
32739441
51290621
41027951
81999851
71334081
102985281
56881921
210694971
147438101
190987041
200656241
183320481
96743631
31717121
92946541
270774751
NO_ASSET
NO_ASSET
522982991
120333691
437786701
537497561
484485101
52417591
120288421
520504851
147942401
365349151
182254261
71372521
71373621
186885021
67063431
122855931
134053571
80493991
37259981
93138371
110700371
33010621
204469301
79442691
30060391
30145451
131717621
20161031
156460211
135366941
205703371
189687491
205908861
204520351
205336181
314205091
182260361
215809691
52419391
41437831
133253451
235988051
334314411
255145541
346635901
257386271
532976651
257694031
164628571
21246391
23442651
64663741
136527031
89710831
41841921
165879411
57389991
165717691
106822231
357775861
121097651
65603301
132165121
71318731
36928831
125807491
195753751
108998081
206202321
50796161
79906181
244317181
42199261
30350631
31267321
31726921
25855641
35133331
54114071
603841171
60872651
340067731
200034601
100007941
107397641
171748071
150445761
448311771
547205231
238270591
33589511
61703291
127867041
404026151
97118741
82838551
104167601
131951831
71064191
38031511
22223551
46781471
106643141
44020391
87303961
190568891
116736261
74360571
35126581
285623641
106643221
59773031
189163041
164202121
55548671
142415401
100073761
204278101
90066851
38771871
275731171
188730311
205087801
190833811
80207141
204369991
53014671
85636131
136697381
46520961
320542001
133594331
298152561
90551551
135371601
43838531
141887911
250784081
136376361
128013811
90209411
205470981
110480991
204703051
36367321
115574421
230944561
181254611
83312151
117052991
53036401
69348821
69161471
137677991
41025931
145193651
106514601
47381431
204192751
64057411
110720901
291812941
204671711
40654231
131032751
70608041
143956531
66036851
62712961
35462121
140747131
56549981
179677581
145192861
26775431
143767551
218160481
182097541
135832551
70108671
44256731
23191911
137080731
23966761
81370901
206286291
81067341
112595871
110370731
308736851
51406871
51911161
102171921
53403741
66671311
264078391
39628431
133906421
79403921
205406461
125165181
85681941
99789871
250970141
56887351
203069641
264760191
41475171
90461111
119417031
205172861
31821761
48772131
93548841
133627741
45406771
58145481
44590901
110545061
120043191
66209651
76701671
32837031
77602491
89710361
232925851
61070101
78879141
224729441
43164261
237415341
166619391
144399831
155169981
70683761
164193491
218068501
86706511
244177901
478988451
75694991
38489161
88486651
205091531
52736601
23633271
177200191
50526051
204671651
68692361
71374161
262841791
173621101
45272931
535115381
149486581
47878931
95823151
81278141
38255901
30334171
30334121
205596981
61068951
167833551
484484381
129890041
373708111
161684081
42050371
206021671
133693291
84426781
262858621
64360681
272931531
62182981
243996161
199499811
205990221
206138961
80893921
48923051
25219261
593395531
153068941
535110511
21839161
225929221
47046911
548852881
27744211
46025371
47425051
216019531
215593691
47427251
162780821
116826041
598359291
179992011
123914651
49551511
72256591
39596271
61005231
46678831
35621981
160466351
67097981
69674401
330792251
113383551
95538721
54282031
110958461
55025751
55225641
208115701
245434731
239755121
64516111
64062281
123400731
92158691
65681601
88090541
63442501
27365181
248635001
204656501
74820331
35118991
94958291
64611531
180016671
103322641
157690131
113789451
102124721
65420001
100313751
471388831
56099511
142724561
128398391
137576331
63142661
20443191
71771661
136431301
172587991
134778341
90057891
72975931
124953691
62837211
65840301
67999601
42207561
204103941
32516251
81066581
209653911
63749601
39726921
47326161
47131981
259895481
109122381
198895331
280215791
81369531
58151671
61672401
122337461
107798391
86039331
105765041
87856511
99833141
122273251
250822121
68675341
118380721
128940501
159745581
93096171
220056451
567884111
127780611
31690801
106375501
167592681
183133371
199499851
106234241
85636021
82204451
166389391
204461411
206030651
179454641
112970481
205097561
204491731
204278651
117993041
40950911
204463791
73116691
145314281
39687321
161469821
40357541
204753281
204968271
119864591
177090501
161452761
36323561
190082101
65824291
48439321
189755831
90120491
33606121
47138401
44390971
65396281
136431401
152047651
158628501
467279181
198785091
206028311
205359181
205468901
34555311
134576701
136503881
136695941
190015731
219589861
47426061
192339611
204570571
206148601
119487691
114810351
27916681
184813621
142260461
111335521
170591511
200021281
72036561
100116111
180757891
205475571
176776961
47865151
43036901
37717111
612774787
233767071
132555111
97496771
23019631
148428251
43621161
35864181
299883551
158319221
95931391
85389081
48442861
41086181
164997611
46487991
49622251
64635811
205115501
548664921
76008961
197868381
66614641
172710091
148841091
222917101
120277311
126186231
23947611
102608081
161848141
167641681
80877841
56266651
91295511
301953661
81326261
52472851
105376481
262855041
121008651
70686531
56776941
103695331
124917891
29705611
211694021
31534371
159214971
96514811
58428841
34407911
25547701
30788911
56827911
109876791
31798561
566389571
50854651
68789501
111465651
166630761
173446221
166312061
48649641
211674951
127951441
42543191
33567661
346172851
328139561
36224061
29784061
131497841
207418231
234890901
145522481
189305391
213261101
61674401
103889961
165123501
101399821
22330381
33504901
89904851
86920781
77543881
269189221
39670911
77863861
429925601
33557631
64304761
147509631
613680015
65594511
399871781
102312411
99276971
156595151
42994531
530674491
29859961
58064841
NO_ASSET
NO_ASSET
35571861
68153451
87531701
36928661
113758771
404851401
136845201
109579461
476913731
108620601
505020551
199118361
38729981
86911201
147920991
89309171
53352601
60634471
38034161
54011981
137643821
204298171
60194761
97009621
129291221
157075621
374540901
70448521
73885951
51514341
352940531
221427611
162918251
57620641
65679681
66341941
119166421
204441381
147238341
185295541
79188291
187115541
51858501
116677361
69104821
166126681
205707461
92475191
161360561
299356411
143970211
39582481
27422401
122265071
564897761
42076391
206578211
139236091
51777001
127676111
171431281
35081921
219759311
120185921
290919601
140020951
593101061
176719061
21016221
141519531
90616271
23983251
42121001
24825331
112160901
35496821
88373391
63062211
30091521
578230851
117256591
66341721
44397921
117481611
123326061
204845911
88247881
205256261
148176401
85782521
40745341
472239681
185096651
140786851
177024991
47038221
89833471
121619591
149531081
612769127
211291361
234482931
205468731
204570591
206283991
122841821
207150711
211197101
188993351
205140851
205958761
34562291
242131111
107050051
181537191
79534481
60171741
44563741
109889511
20268851
128111791
149613881
74437541
46520681
46606961
109746541
98439971
61960641
71165111
208968371
204867301
166396021
28782461
204132811
343177481
36201541
214802911
65798371
85204571
67111391
80071571
109579301
216296001
122866671
48443201
105533531
251930631
204106021
137535201
124114701
453544411
57117331
216027431
96093341
79480211
327631411
180165121
204716111
204168331
199721911
250746931
169001761
146237731
159066511
299395151
90594921
47382061
63984861
76034251
79521281
96611421
184100771
50558681
31356571
48922391
199989231
204069581
26499551
89190551
429750291
126961211
42807411
112415291
173862691
291961701
221972671
462598631
245800361
163373031
63746171
61307611
212920431
166397691
345272791
43463631
125580831
114152581
108353581
38117681
186307371
125182741
104819721
126283621
40154231
87718311
141940471
123874651
82206501
198263401
112512271
68831731
106567501
205464431
96634411
102001441
47054451
212053331
183150831
149647271
196728121
95443881
205522381
314557661
213997401
47238391
42480151
513864281
170732021
42112131
291524281
214988571
84878861
60478861
30958581
42994201
31998561
59582311
134411251
38454051
77746691
120333611
250786631
28031761
29039581
120929931
40895431
121542931
79048551
235791241
165711751
87687341
455546391
110017481
89823801
136427621
149789681
186366901
73791981
35596631
111241651
36215141
121543601
42993731
139342961
35487221
203574181
118245071
205113841
121470711
223876881
204303631
174665071
209605261
205732071
151274131
84174541
26358151
71033581
58274111
36826391
370270131
120705851
137903641
31724801
199133081
73418681
53961801
33093250
121543091
139358421
170539101
205784601
142168071
170129761
159984051
204276181
204716451
473860281
51405461
194661961
77067211
25530001
215749901
262226601
85741951
205220941
188449711
92695241
142693621
104107141
199761341
118112851
60460801
84426491
43306061
136316071
94874861
442134221
NO_ASSET
47132531
111101241
69527431
35706581
65054131
262776041
171902601
212860141
109636741
160707941
25534871
252927091
50527371
137928371
79258181
483836911
81353751
59579951
232963131
39259801
144894631
26849011
407632801
26832721
50533401
477850111
399842711
138471511
72160511
147760661
81686351
127316261
50523691
85702091
26832511
135821971
157715981
145286081
550327761
194409531
212416291
110019341
180000101
510944671
150706161
23422691
91990791
35646961
93765731
45105191
66275601
47161931
367552881
144664481
21136311
46779391
184661891
177820111
476613571
79213121
205909831
150526461
369082631
113563631
74827161
69777231
123467951
598336391
578660041
177372071
49832801
148116731
205913071
108271031
170683761
78195231
136852471
51835311
131543671
232208551
124175411
270641921
204985571
185293931
56990531
77066781
204570221
88495001
480316561
77858771
127950581
36303751
26261501
31176321
25904441
246715961
135009071
102482361
319822361
343185101
35464491
137792201
54012011
52999551
33725361
86444381
96809811
176460761
60808561
91723371
108230451
21869891
144360371
NO_ASSET
250241071
614311260
36287601
546947591
53273941
188495831
91722501
68831851
39666821
152203471
139445641
38643951
36826571
24258781
219238001
171621291
42284521
60345151
51858161
63015361
60980571
79327671
120800961
182017111
171633481
293097971
85369761
49862931
131357841
614189826
23166001
44917511
49928441
108315711
45316941
44667321
101317751
121430361
129685801
79300181
47227441
24759361
70591101
240426571
303463251
51133991
146621711
614479088
73981391
79299571
117977581
NO_ASSET
NO_ASSET
NO_ASSET
NO_ASSET
NO_ASSET
NO_ASSET
NO_ASSET
NO_ASSET
NO_ASSET
81507601
212664611
179996351
165210471
545591171
41804481
140920671
528976131
55279921
204547771
205971391
62101961
220500771
71831821
180615761
206166881
212119291
205918131
77075111
205470601
49039471
51392481
78389831
89908051
121468581
204133061
64939391
150204241
163095821
599242701
128311941
87335301
81458761
218902971
41243051
51363091
97061821
115910611
89622721
113227871
518767771
22328951
66801751
189262911
94408991
51754871
259462861
37647271
104308751
64522001
181496141
90000821
135545401
52285961
85205461
35317541
39737711
66558161
33836461
41714461
134522501
83387501
203359681
113316381
117792521
26584851
82498871
48471101
612551885
119904351
NO_ASSET
157141271
119415461
205928011
84293181
208907191
33340171
574783921
105114771
101400751
104406541
37498431
504626371
97359741
112309651
64791581
59416901
151274571
78557031
128397811
97273851
583911961
60020221
112309661
232233821
24853201
59632431
56782751
106013981
43162991
390887881
408958401
221501371
89459951
159821171
110700921
76330711
20048421
63349541
210895381
33339961
104994501
41090161
104308791
22934701
191749161
31997681
31196661
105399651
36635301
236799211
27285911
122152151
96905671
247290221
233499811
284753661
109315481
102985241
93919631
170261241
102410941
36386711
NO_ASSET
105371121
113796161
142726171
127808771
89711761
56064231
68128101
50536691
NO_ASSET
117979021
96558231
60864381
94948551
47327221
206192271
145182251
121482691
137904291
204135161
176762561
205512651
472955611
98158301
108243971
116998631
117233531
255071641
179833621
63739361
73667281
32453911
92012751
34750391
53388691
108495831
136897511
48262341
129942911
147414211
94409171
59934121
111178121
47651771
149553871
524716411
191277011
205788941
152025851
82176481
141124371
105872561
59288441
206577391
34472591
43307651
64768831
608740673
435376661
203553251
172069701
37442441
57890111
183115151
63969311
80764661
60614251
612763755
102997761
102575531
213452051
399451861
31573151
42900621
205972321
204846151
85110301
NO_ASSET
NO_ASSET
66273781
44818401
175550361
62837141
315508321
57760971
174390361
131084161
100049891
223153291
24203231
63118071
71072011
164987821
41030461
92435431
42536101
177661201
34001471
48836621
112808901
121635641
114271431
106344641
61308041
166957021
114569991
204722011
55536261
36752891
83138121
204190521
189340431
71155821
45276461
204296671
199096141
40418071
165094391
26658691
187414671
32401901
46320611
76006341
35137841
524846011
64328791
203371281
284177431
122562841
73676341
136738061
199807061
115096901
112737641
168141101
184862211
62010851
244641431
128930971
382216911
33486271
191283591
116418881
120983641
47864901
81833301
27354311
52043711
89601321
27364181
37731891
288347741
161912251
49319911
143981631
205735971
234114551
204150991
135736121
132249401
88595381
25971961
63455131
316501671
60771201
125165981
88985241
578659641
197359181
30638911
53585701
234514091
77448241
140603461
84420391
25647511
80628991
151402051
52828281
23192121
150891921
101871241
NO_ASSET
535250271
430444641
69916561
244035351
44740051
121873031
611769654
204268111
121617911
84180511
546522741
60713031
246703861
137346721
429926321
69307651
109496181
85925661
38535921
134135401
33545791
44553311
162611991
23419181
83157341
194838741
119649921
75411821
206018781
92683721
110003191
151627071
66813821
407270991
205490651
134769201
170149381
112964321
145190461
204133451
125373621
54425911
270466581
75178601
433940431
73818361
76680751
202472221
105367171
97894191
40037781
66192451
105368431
108225961
142378071
584662321
194865511
597426461
22229031
36692691
481783501
167028521
79992301
93087421
48257841
167847861
109123791
63299661
110896111
87862831
99682891
118316881
134847871
35706751
121757501
433921841
78283071
70766421
121537461
63764571
31085301
45369901
183634001
26854421
83349221
551655721
121186401
204567971
224197811
117473761
204869181
252410801
117787821
504244761
42528261
49544401
117978951
51394631
74527961
228028161
204517471
67534341
315345291
196900971
55302101
218521921
112811261
186110991
214396661
73896121
129390331
216424541
85683811
180624321
197362641
55918541
241250451
78941951
246698061
NO_ASSET
NO_ASSET
242495381
42407931
245172211
166316451
107460531
23284901
66123061
102160711
220229691
57046791
162362291
36124481
95236271
71795181
166477921
89724331
216221931
31196491
63363451
211695871
50091301
204578211
70245731
32120591
66880771
61070121
86800101
168032451
22451041
183867241
58055581
244010461
46537421
37481811
229562501
46645841
101562351
131305301
65051341
536040261
30610361
156646421
249203731
89313161
112415781
163769971
282401661
64312701
60095291
23721201
44270021
124010171
193956741
81122041
190711961
113077891
117602761
20092291
63650971
124011841
236528621
135371831
89425211
33645371
65620021
142793251
29857841
47384651
205782051
224690741
199800011
56734181
224824441
221503511
244324871
296267171
64184591
68097231
65249571
43207031
20189211
212474581
31188021
85383571
90541181
193238491
21121491
88115991
36368371
56900741
66108821
78582021
204904971
35706271
62187521
114035051
204522131
143993121
73327871
134153731
185842721
87340721
172424181
142774091
177223911
36937501
205209771
180923361
121565771
113563881
205129471
319810571
40914551
165996271
325585051
55722621
127167531
43016041
478215761
127013781
244045981
204960301
166395061
528687971
152671691
38565831
146131781
240292221
343246261
20284381
205158921
74206441
80212931
26791371
429934761
50519981
177225951
133975651
38556391
122171501
107966211
69224041
146193331
88352941
39615131
236043321
203236281
170556231
150025521
63348231
67533851
141401961
65591041
64290641
NO_ASSET
NO_ASSET
NO_ASSET
NO_ASSET
68137051
31529521
66731651
45266431
NO_ASSET
193296131
42169701
61898141
136881351
125974101
41377821
204431011
205115701
206009461
217362531
175570461
212929061
51412501
300355041
222106341
188314671
172312811
82792161
250273201
135915001
143298171
378155051
175835011
41028191
26848981
20284191
110154021
22396651
207044861
107866361
121719891
612759620
119388301
63311961
173634271
27357211
125164551
58190091
283643061
94263621
62890661
55413951
121699541
195187221
190648501
111336861
88858901
293012441
91985711
205370091
68299851
33868341
21103251
26861391
70460911
82313791
285750461
97485251
20060851
79534871
64586191
110830061
159728881
66155251
144345551
31432281
582360431
47385891
73884401
214801841
149981561
127950521
145600751
152498091
41315091
62499381
200498491
35918501
42283891
232912961
108865101
99376851
64438811
204880661
82884281
30791081
36592681
86003921
39397891
128422401
124385431
25950111
76900991
280174741
132349431
65993791
36938431
95890121
46303021
29201241
143219741
77180861
122514161
40151871
206096141
88765531
156541821
104675151
205971421
98769191
169541691
488827291
98022931
31952751
147570361
75911411
141892461
467280011
65053361
77560881
110093031
40755641
73771111
155121811
146413681
61937951
46319101
35559631
118213311
205801811
175785401
127339301
109481801
125290411
47377041
170955921
87489801
39599201
43635611
64858551
84034321
38375921
145054111
88461871
162950021
172477191
351618531
83029231
149617851
22614621
69112131
50799651
171613321
245042231
110546181
181101611
260551821
127433251
23633201
83680111
608388114
64787551
409206611
149588071
142723581
45018761
148063101
161609841
142723601
39624341
36017381
233807561
80504831
139102791
70340841
226698451
66696511
205770391
59339291
23442331
101088411
75502271
53273921
29547441
53041561
97457521
100488051
40308851
142701161
38288251
205997301
34451911
227073431
108794281
90684691
26860111
205963111
203529851
103306261
204669831
128552851
120009741
24366041
106209971
74070081
206018361
109169771
205714581
NO_ASSET
NO_ASSET
NO_ASSET
54843391
66162781
99732791
30210311
109225961
81497591
126261371
55539951
48319721
81148081
142859101
60148421
211861801
105259191
138642241
195999081
49824931
187119741
153689071
115572371
54020061
86346861
170728311
147590051
252504631
24299711
NO_ASSET
60672251
161445581
137906091
103243271
87537181
35585331
180186261
246711931
167962681
26352371
23608221
182633371
30237461
77561791
36826541
184554621
467280301
52473511
50535971
135267901
500657261
568595451
87975341
26523891
230882701
535115981
137374771
23633091
614114493
31448331
62988951
173525441
82269671
85767271
204137561
55909841
498878601
63660021
495202661
67273581
84554641
562079831
98771201
85104641
105330441
177176541
354347131
30420481
213507971
150705071
132615721
111840101
244094871
205045531
59631831
23812391
27687721
25962201
162507031
99282711
147462941
121043651
218137451
131880391
40849191
49134201
199742621
66589901
112708461
89062201
41500651
38336381
22873281
254191551
23298801
37160171
30742061
63747101
238871541
107662621
102572391
161583341
89885011
87390671
134576861
142120881
114960471
354979031
204470691
530785931
82039901
171092531
206024261
236880831
122395781
475941071
356747871
37465781
31952871
23123491
NO_ASSET
21274061
177445011
33606461
61139661
150729721
55788491
114641581
23681251
58406091
152005011
51405361
142725271
220003301
95339351
109166311
358205131
135050031
36343171
243995971
212229821
77576781
181655121
129903621
144222131
65394071
105828501
76645361
105044941
43255821
64359701
206028491
28703721
214396911
142019101
417464541
608740215
243996471
122869161
384226651
36928731
271254351
218469381
66288361
47337561
52760521
223211381
40415931
122804231
190763991
143809501
33106581
66337141
25942371
31691911
36592601
61002081
187101601
182318711
156594211
53043251
178161801
148792981
30791201
47329091
47426121
33870211
237083331
257049061
113345131
262508931
215992771
95447261
206013081
139080631
125004061
71800761
71169031
120710281
204976311
103509831
52350131
40515631
121580571
90809711
205182441
204191331
254966091
22998081
142182551
204468591
173557461
131034681
204465701
179437331
33610431
206713911
205975601
170683131
262357281
205094471
183148261
138113431
157051281
250072241
185362841
110498511
182883151
195614971
49313861
146495791
576837081
30733551
100628811
170406941
586450921
171630571
590445851
283577391
26855281
204275781
26658311
47430491
56633601
145304631
117474071
66108031
209526171
53913241
210222181
58153531
204560441
109615951
93275941
79531791
51309681
177943541
83209031
102181251
79754981
36152221
169295191
77582251
33303871
204953931
226152141
195654021
76327001
56460521
61000371
265452641
213666391
55257471
303366261
198090131
258189401
105244651
26870071
87655101
31718891
75333561
147243091
78288621
26854261
55709961
99399861
67713171
291450671
476919251
205395641
269805001
179416921
102973211
152026031
36928621
163095801
202919801
103780551
468228891
142166001
88558341
100891481
166152001
236238131
162506631
236239311
89715101
409175471
103096691
61070231
34867251
36748501
314011081
87536641
87444441
52637631
23542491
69174661
42461151
42870011
243363761
515025781
62793751
174313981
111076951
72466151
80726001
111140821
173158861
72794591
244050241
173221391
47969031
166312361
29859091
321690871
107287331
61001971
256842211
134816491
198888421
138610311
361870021
88744491
82381711
109312751
35707631
25170061
248219291
170566361
204296991
170104991
119863481
228193611
145359041
26849091
205794211
220321941
108923531
149967811
42283971
215052271
62476191
44029181
208779461
34194871
44729481
413154231
154520481
77579351
55259551
83486121
94197601
167257671
218449961
68458881
303462221
43386191
84822591
115259751
124248011
89585091
65265681
193956581
469120061
469120061
256370161
77810291
85353721
153902891
107456791
78879361
27502151
319193851
63269531
232380621
42941121
35830281
146165661
40041141
205497691
63965751
136428231
103308591
131141141
71673261
37121121
36360631
66571401
95183011
62459281
31844281
NO_ASSET
NO_ASSET
NO_ASSET
NO_ASSET
45407221
65613571
379078251
52827931
107180951
319770151
172916321
160580551
173833681
205619421
226725471
162561651
141412341
90064601
122270541
117987841
226487901
64173881
235660151
64619911
65763151
162282661
82185461
129378851
205909961
207387461
92841491
41312591
269638401
46736761
128664761
30421231
96045161
184649851
246878201
147517821
88051871
227943701
171089341
86583241
187126021
213131951
204370011
279612491
65318881
67361901
432565201
205919201
76118861
290896961
138938871
109633091
167122841
35008201
214236061
30861741
98340731
95288681
30824811
112309471
37485321
66431121
43494021
52391361
160408301
182455611
286440221
170854171
131023171
224042451
545455531
43180191
93812761
251013841
54593301
82324211
229517361
114689001
118733261
35717011
392197091
78858501
30989621
108666181
189306961
92694131
118979291
143684041
467278201
75615271
152505401
232188341
184906071
320941451
204294351
204309061
205913431
204852641
205757771
177435831
80822311
144994991
101302061
122123431
206029381
216670231
205490281
120200711
116558231
193248591
175968781
156544531
62492351
204168911
64791971
82328581
152793451
42460761
38612171
79246001
85928451
36928721
116066731
204671561
262436111
205094261
310387811
539280511
50533951
118145351
76937841
538289051
169944961
67909381
111252541
80817931
82230861
564964781
547209991
56898711
246573901
61582281
116067161
20085921
41993701
538866171
64163431
64759771
283493481
66241951
36557261
58154491
368267061
24153391
204099221
38070021
31687321
93773551
67657301
134468811
88881271
145155681
86012501
139382191
123473191
205721641
91005561
244175221
38931851
193765051
261958361
61308301
54107841
136523811
32797821
24016731
207846981
147609901
205509581
121273801
255087141
39664191
39664261
77272941
121275421
56866711
33571321
214633301
307343141
176672271
173350701
122505571
104042901
157585271
170260441
203257731
170683991
47128961
215206921
146512791
52736621
50106001
204317691
42198561
120903861
203317061
61306721
27188071
30476161
30610441
172159011
22124021
22685661
70254211
87028941
43090261
85936341
102344291
49697731
46674461
108986121
182734451
101395311
33649171
109761771
47437461
205993161
43175941
95819801
135065141
190832741
82523281
21015311
104014961
101381021
22494401
62323341
37796271
183696261
181336151
198053141
459478011
135670701
47326871
48476931
34729371
32047911
101579101
244647481
34556701
175875191
206145991
216662081
79265821
117584631
122109581
50536151
68458501
50775441
94526141
28065351
93251691
89854171
83696141
175809531
74625441
285728801
65065401
37248691
281006441
120837121
210295631
43239601
171645231
161874941
37504081
38644501
32086741
20178241
122261201
91564691
197359291
51564761
91376081
206131791
205148301
88625051
204878431
146879511
84195431
172709201
118156651
121353111
66339631
65685101
33600851
120862241
147583011
55914051
61307801
536042021
183093481
46520181
31727541
25855591
88161181
72466881
56267771
204083891
105213081
122792861
242145891
170617181
52473031
239801621
141697801
105001561
107323581
NO_ASSET
487783061
38047931
159180151
204132791
110706921
106792631
217214861
408235891
204277791
205919291
120437361
209902731
92718821
77925431
239902771
47833971
54765531
23444641
170739811
171102031
74196991
25504811
104479601
246680771
55537981
93392851
68358471
111296811
42324121
38080241
108790671
23444731
136428111
69537101
181521001
NO_ASSET
206909251
35920151
186505881
205790591
244032861
127572471
214739231
204290201
118798041
112539551
342564091
103342121
145454581
174156801
51500731
51850081
34558151
43732321
243993101
133432151
88991431
144356911
224372221
170900491
168100371
187183921
341070891
57253261
119416631
37747141
53137731
98182021
27265831
84247171
89283231
81444381
46712451
38809551
24774751
37491521
37792821
89328641
53931471
205906101
21482471
79215541
205906141
79905271
141746781
35577071
124479391
144129611
123375031
71035091
125633181
38495331
183109641
46603691
97497371
142195551
106252441
64291431
30418111
51878371
57280571
41713381
126282271
42547971
97645081
23443031
191338911
207386771
63967521
27245331
280498961
93064961
31127191
119471761
44494911
61619451
205367771
59418771
105508371
94984691
137351371
231636971
181348861
205770571
177445931
68424601
84942831
97514581
204301381
145181311
232169081
31146311
86551831
38516101
21864721
92684741
24167971
80756681
38294571
44869711
152362021
143893951
154203201
167403171
114579011
85113721
82174751
205906281
83826341
226404921
131138641
74828341
78964331
37419691
38720551
206018281
26191311
23708481
51201361
43015651
249226261
89224521
40158621
41087791
536038641
104773971
65069861
83620071
77863421
286113091
248310961
114638281
80614031
34238391
64079531
142997311
88090771
169882061
39739271
39724651
75916101
263585541
69175891
497360401
209442161
105541221
204867131
132684481
230420381
268026601
92335121
285992991
38663281
42461741
346389291
162967651
305905581
129182421
121898051
42995271
524043331
47263051
38464861
210118161
70109451
121872111
118750571
65354591
204884761
25989331
70334071
23446081
68155111
69811771
208316931
166506621
49958101
166089671
166332821
56866221
82037611
61671331
23606161
476923091
165308551
38826391
38070831
168308781
42389651
35583101
73773261
88247121
82308041
358210091
228269551
20995371
204277701
222773081
206463811
149023381
185395661
164467321
140166951
141310551
71983281
58286041
608740806
147515811
100033721
22631361
79246141
136908131
23947011
85782961
69175441
32151041
155121101
102934571
105493291
100122671
77968931
34884581
286370821
107088671
470539431
23607251
103488671
205512631
33426501
23681161
46815981
71671231
79215901
37100861
141606601
176672361
36928581
66431841
545634721
466130981
41488721
171611291
47875141
162816391
418603781
126525711
70688691
206009741
101603081
51740111
204543651
117611741
72446171
325256521
55250091
52132431
338858481
342813621
70901561
103488871
88769581
193225001
33938251
86300981
244642301
50536291
NO_ASSET
NO_ASSET
NO_ASSET
NO_ASSET
223037461
236809181
125542441
218389651
58226951
136345171
109062561
31180911
141894401
NO_ASSET
142023671
213811011
68482181
112583611
37162031
33889271
155123481
60317161
405833271
20218881
32334761
121833271
162486851
122121771
109613461
52556031
58273711
23442101
104945101
127965751
172296381
46605121
129376711
176223511
205100101
206150721
100508911
161608771
28350541
142169031
205656541
21523071
121369181
206199821
98495551
148696451
79200061
205703611
87126401
121365441
63191531
128110811
167392821
107764771
NO_ASSET
121386491
54768861
175974341
82887281
96051481
40266631
104120301
25829761
41301631
63687201
590496011
38249511
64933811
120022041
122297141
50045291
428893471
36037551
270566571
417307231
592966271
43528371
54849521
204758901
204245841
51262821
36269731
71662071
113280731
102064461
257786691
67906421
104176471
64329491
55120701
34402941
244053581
109700051
38010301
39902161
34199991
108975721
55621051
319002911
60370641
94636371
207244601
48425631
30325771
122507591
57993221
63888951
66511271
119757931
66158101
262852221
47546511
239896941
79961531
61070171
105433741
108577831
51293561
37567371
414404241
184141051
320085711
69222021
117196211
48410891
23695471
33195651
78190781
248578981
77066721
108661311
NO_ASSET
204884721
137984691
262033541
224309821
55202971
359841711
420453311
297900571
179403261
66902441
121911051
107721751
415413971
204204641
612242230
42460541
NO_ASSET
NO_ASSET
NO_ASSET
NO_ASSET
NO_ASSET
NO_ASSET
NO_ASSET
64183971
84558621
204193041
36786421
328020161
296366931
87985701
62913391
145187391
66334311
204639371
91442801
93676401
33608531
118397401
173039001
26288151
32396721
164466571
129019801
204582391
198328461
93961851
37095151
32677571
123271261
238576761
28633131
560658381
140257991
237570321
NO_ASSET
NO_ASSET
NO_ASSET
42284931
205904081
96385461
205472861
197445601
87949121
128120161
196106421
205632941
132410281
170164621
50531651
199798391
144333121
140657671
112395121
62554691
31616211
47382111
124400361
49275201
205461771
218922251
106796741
87383691
43518141
213639571
213564791
246628451
198296891
119502231
41362121
206069431
175743571
286508081
59337351
462640441
125502011
24832881
137763491
180661411
32086191
NO_ASSET
53043631
27093121
171013761
176218131
137176201
50329531
119987731
50938561
65303431
90296871
102600981
86642421
93208581
77651101
126966261
79778281
61306901
215038421
41392981
79265911
137323001
174327371
205141151
380620041
322061851
148811881
377221541
163367171
204500331
204555101
112630551
65046811
170611131
73277211
254397181
136443741
57102651
206024291
136766391
197853551
102050381
128933201
119724901
206199811
104896291
64580861
206090431
290921711
206200931
27138081
266992341
38496641
115960961
194878051
192234471
541589401
61671851
166130231
205954931
205113241
327911231
206024141
179378741
240489171
204547561
181021021
231869851
125165521
167864021
205752941
119719571
94053311
125809121
205905201
63198031
376490981
82182121
106934601
118780141
204850891
378884941
177571831
110720911
301693871
49404671
36826231
42020801
399855931
32137611
22334901
27802211
99172541
106608171
31686501
90809391
81693421
61731881
63750951
429930761
92473231
109084991
291409951
31508191
20843261
66330571
26847791
48440631
136578161
212674881
317082921
37109751
41913571
531678981
220820021
259893851
73546701
80628791
123795841
113199111
117228551
148841621
38457171
244183411
586451221
220364951
282148981
75589121
93150661
88579701
91498791
23455071
72001591
146576841
53276511
123374881
77288561
70967751
148623881
85205531
204586591
51357991
42450291
141271611
61556351
205905761
129276151
90142681
219798061
163964541
169011111
63767661
204212001
136429501
48144671
167332741
41644021
26622721
141687191
33571701
39615841
255734541
118394501
97209951
547256641
212968121
54063501
256364381
251745001
217496061
77016651
505255691
55326731
55724841
490264531
43467291
204131051
197154081
302781051
42442871
147394001
70869481
119515051
192450401
289804391
129943091
213157831
554460151
205755871
204578071
63815671
145321491
181390441
172590161
65836301
177562971
203376371
166282031
204871611
144524291
239900941
227858531
194711481
68056371
139191981
178352261
386925581
301256611
163323621
40233141
195757411
186462411
122296071
21092951
67697221
105860701
116589991
204300471
35447921
124247961
136397901
67907411
184264531
93922761
64058381
80289451
33106461
70455821
290597831
151797171
120310931
30479811
212929581
45464631
31497771
47998261
174857931
37677261
64584741
83484741
188152551
92148141
230787451
214794871
183624231
122642771
114583121
155319571
59480711
50535761
204071271
123327781
96223361
43010621
49277601
107246521
135306231
107366771
33571671
213475401
30418071
33515201
249456091
146440731
142995321
165174551
60836141
36692231
170801971
41953871
500716451
244350411
118884551
101368691
192561171
84726541
117997871
90465401
612949586
534302981
40846731
137573581
91077091
157953371
125719721
151156501
71575521
64079801
148882871
34435981
31480731
59801001
135031981
36719001
87844291
212400061
71680301
71265261
173797581
149544001
46027021
54273591
204165621
185711181
53006131
164513671
107267571
240378151
60920031
91987551
326465051
96694421
84624031
36517311
39511471
170957101
42094261
112964991
125602631
46519591
244182561
89620541
608758036
123774481
39338601
56385541
238137931
151335901
557031241
239052751
143298811
120533461
238714321
469111051
78006311
161374821
275494741
45680901
373440851
422145911
57720191
71511781
69387451
26474901
174463971
21506981
75542561
176815441
354265321
45553021
516676991
59869911
525693801
28895181
204076451
37007381
88057501
88982761
93946391
87351921
90939731
174355971
176575181
318420361
33605261
74683421
246684451
77592801
53250391
23595351
134507121
134567701
88628921
142019991
89711121
88522801
89715531
63762261
23443721
36928311
206200581
166687781
204671541
69243891
79334891
612769836
51925411
103199551
30939291
139563711
48020211
528383311
116456181
209272111
188992941
116506301
372968691
115084241
213825201
546531061
73552691
28895471
63630351
36938641
37257261
112344931
244034311
65441081
NO_ASSET
58346811
37120991
93640341
367354221
31446401
241564431
399847681
71105211
434504461
62952231
542311241
262034851
406686311
58817401
41695601
176565671
106822341
416963121
32360851
243647691
69308321
205994351
57615801
94083511
159978801
30479471
87692741
225437001
191052481
97250371
130988941
69662191
136429411
297635071
496987621
26097251
159742561
64797091
130100681
216687131
93917941
63573451
65437441
137323871
161572951
150714341
57506381
121394731
89942781
58696621
170391231
109311991
165512361
132267321
52632141
148211591
297306331
131138601
132566571
63573791
46327751
141708181
100464561
379411101
116457991
204244021
473549731
58251821
43603891
587063661
116558621
517314691
121248661
44704121
265639101
93084981
205994361
175687791
328984801
124258941
126262531
126849241
137699441
612769544
125233071
135444661
23621291
121774781
149198651
27440241
427971511
180292011
46904021
219244171
144004211
263155551
46550101
45455661
24078451
111077111
55540071
145191171
115249301
35707471
608758213
141894551
27199951
145039071
121397091
109705851
74917061
289740691
117223251
68328441
71130111
61139521
535108241
59874561
330491891
144880881
89715001
205687401
191393491
143839911
77306121
63741731
89004051
207791801
135725561
64887111
145195051
32396871
32397851
67460541
204133201
76007801
209853021
37624881
86667301
608740101
129194871
139956881
296929661
80284021
217848351
35552701
77577131
30395511
20783911
613619568
394710391
188890071
206028811
61004901
118642581
51939031
32739461
31311731
188609761
455544341
505786801
63630801
129600741
130495031
87658151
51874881
162391961
236058291
85326661
63525591
116419141
614311197
61139221
28159781
57783921
205941301
145582551
205770441
262498951
89268361
172592491
57267811
557228881
204350831
107721501
361976771
244045621
45193501
243062981
78640881
61441781
44765721
65760461
109895051
213159021
103452251
142752531
31436601
450098811
277317891
60381011
299114511
74932581
313795621
206027121
205094941
211997461
170884441
105386481
169196061
63891021
59836511
224139071
61672901
127500671
213656961
147586071
183427871
126259851
76516101
20135151
129615951
64603331
206151011
115165351
194864051
205177401
46602791
111352941
110540911
145566841
104588771
46603391
87009191
204549741
205127351
209909371
205099971
69907291
42945491
205574931
150962421
189491151
24581721
61368341
44038461
127950661
109233441
100447961
204241621
144916431
31869461
59011691
61671581
157218471
82839591
218667151
59632071
47337851
286025011
31497641
155067991
186205701
79929731
44341321
128664871
123130061
257971791
64188441
185439081
31809321
185444251
69349421
286378321
135857431
137840041
110670051
177223921
71264961
28897331
205203311
170608271
205918941
204570191
110245591
205995951
215825311
205910081
205995971
205109311
101392211
21450701
67848571
185389031
70685821
192594321
205135141
83468711
153353751
33515121
181969831
226495281
58118531
23445321
32619501
89485241
216006931
92252581
38833721
67460901
119689101
203071431
204317721
142725141
175229361
144277441
152499651
126285431
68831711
101467411
125476701
93278131
145193071
142168961
132773891
204585341
378661301
44260641
187116451
46330001
147414181
142723361
116328301
37225721
107389141
121760731
38657501
236422221
102134461
140258131
92849271
54743691
108993431
79002281
26423711
67885671
95780801
207300951
87422371
NO_ASSET
131085191
517999261
136072101
69177591
60315631
375845311
118738951
124365831
286834101
134602011
204742111
131959721
99014171
146491981
110003441
102745461
108709071
99215471
204570251
113929431
136737511
214885501
66193931
103308621
204284481
145789381
109316271
172591591
122512101
233717291
188546651
172715471
38523731
43468801
61124271
161168251
171795921
136575271
36389021
143747221
28840681
83510481
181881821
31533471
86646951
205115621
47201931
53057181
226365711
84441901
89847551
28928581
35510981
83507421
57712501
52727391
205997251
269194701
54234681
67032981
174267931
107415551
204567811
191399491
160792561
138233681
60684311
34463541
NO_ASSET
NO_ASSET
NO_ASSET
NO_ASSET
NO_ASSET
NO_ASSET
NO_ASSET
NO_ASSET
NO_ASSET
101717161
26481891
53077211
112030181
25916681
339834601
63932661
143967371
79960161
83870541
64763431
38094121
38697621
98711341
287940631
205963141
77577481
64193121
489887931
35135791
205070531
31530201
120333431
83983671
510962641
26802151
198221971
202298181
85112781
279150551
230503191
284055491
205529821
172719851
205777531
57272421
116682031
94373321
70955691
83296971
206088711
325577541
220911371
115206351
64501481
56868541
64080031
46403291
64058231
111364551
231191351
64174471
212510491
92828791
77528241
62826551
105433921
204867221
77561191
33740061
60999531
48515701
161440071
294742461
85180181
85284971
179499331
49381701
53930291
214447831
138161791
92006241
162487261
63993291
41690691
78941981
129962691
93935771
134506111
216896341
136604881
71597781
139732241
68829131
355666781
27872841
129195321
114023981
52721511
106931681
23696041
189949181
205488181
79172881
28273221
92684601
204309001
210170621
117602041
107846831
191202181
168694491
81443901
92316421
108053071
564921421
91148521
413833041
137597211
28629941
414033411
64830691
31159131
170869981
115435371
60331821
63747021
251165191
244171751
68175861
38255211
56944631
41369461
23607831
80976241
27261851
NO_ASSET
316064091
78404601
454393011
103701171
109485331
137725091
138650771
112173821
206128881
85683591
72632551
104269921
141830501
128398401
129786821
24462801
56742541
127950551
108254511
87943911
129796361
206167921
61496931
109530051
155753711
164710021
204669601
121771241
481427961
205968201
104683231
199755731
21891691
205113781
504581621
205784311
212316841
79214741
205908211
111112531
184660351
144584141
166204211
116754161
37558521
215025011
102097541
125257421
204769151
106602221
78027261
122970181
125517391
111402301
119636781
42917161
130432171
59633691
28635241
26609881
216800971
62794281
318913621
27469631
80886421
70581461
56628351
225497951
222267971
164088751
136579561
206184921
203673491
418905161
139905901
251244521
146746501
132822831
83839821
168023511
80025081
205753621
87236401
151383791
43760571
127817171
93994461
128398501
157469961
129927421
79642961
167755141
174036151
87033661
66067921
612758547
177092341
136463761
476923881
319817031
78500671
54840241
191399241
121442721
59193741
78360921
80939121
612769739
193203211
37105181
313586091
80085511
32274701
30332841
117362261
204247951
133596791
178749471
62482431
36368611
61307231
205454041
132429911
171834701
55724621
31676861
147997861
145183281
212211251
154867121
69451121
459456421
221638451
116681441
145618011
68247171
36320201
43675031
52546901
160017861
87027481
93138231
39464721
88319461
127855941
134020111
76965831
216064551
69615091
161618641
225223031
129906971
29069861
26329361
85736771
42994581
155970801
536042571
109700181
476922041
38999661
68831661
127340261
46778271
132386851
609868983
467282811
76822831
38996081
35402341
125897511
127320201
208984721
417141551
72834281
479666321
46970281
81116621
45518451
145182281
118774871
106156761
276543461
22014051
43400121
61433291
21134081
64829661
42466111
41866011
31766681
206163971
119136521
106086401
28714421
211862651
204852921
23631771
88756811
158034541
107272911
66031561
77969061
50045471
170792751
172587811
139067841
122121481
80492801
111121331
47327361
65752421
502004831
67361711
124181041
27358931
162044171
89273931
38810891
491439611
323489341
560916651
79215331
25692501
199368801
608387489
449542281
148555721
204547901
47002171
194423881
106840791
20960231
246702511
96697631
171134081
91012951
121598351
244184021
31703941
36928891
106966341
20055841
30739111
270241551
243991351
23445751
587307391
194253301
21897251
206202491
181801411
33950011
24204751
26852751
99244921
92377131
51315641
252886281
64889231
217454361
152050201
353040331
87177681
114853391
85684421
83090991
250884651
81752241
35655601
121748461
47694611
110492611
181237061
294725561
33869121
64987501
152770201
533331511
105206341
112810901
198740151
46781311
306509341
325749001
59541681
135445881
37428031
342892301
532668241
28855461
136519271
80677231
241529151
131758491
239910751
187196911
31181561
123324601
20598341
138930301
57723351
26842511
64808261
30768081
76829631
100919571
50605021
140744851
163378451
42408031
289140911
293009251
204562511
72466721
156205531
154742021
NO_ASSET
586264991
105403631
49612991
38578831
344195751
145353631
81749871
244181451
26337151
48543951
467278591
114031121
205209871
75911361
139600321
105874821
84767021
90944931
143849951
59156881
142722431
47625661
115020751
145181771
NO_ASSET
129195561
196654561
121088031
204961961
188299961
128405871
264347831
100311441
151298461
231376311
204887201
60353581
552543101
91341821
42407851
34468291
63877491
NO_ASSET
NO_ASSET
NO_ASSET
167584881
435663211
36696801
595586871
137045621
320982041
528092011
173918841
58135531
140390661
112785851
167597391
611777038
137796351
612242031
240375861
415229561
191908201
86238011
454294091
285111751
270921581
157022001
551240501
497525711
195544751
396626661
299964731
79410651
156763541
161871231
538782591
588230721
559332271
205512561
502664001
529806561
533222461
609163297
525352211
419039501
502132301
205129311
556015101
121912281
77396941
49192871
20099821
175875751
174739031
65145691
74191951
244176321
30208191
88701891
220053851
109861791
218899841
191268281
27282441
108714191
92406531
43290891
415668521
67743531
123253291
205908301
31844341
164094491
180196431
107338401
176792351
212641271
77745951
63380841
115789911
105208451
167719751
166830651
68831811
72514631
65937601
65226351
40144451
50366231
63708031
234803971
246469891
27965041
168328261
143921081
225713071
168328191
216080451
171770341
114180151
247284851
296932311
63710411
63708351
234247081
56379821
386925071
59903821
28948631
59765961
63693631
45702491
162041181
56628131
234482571
88250861
136470791
228676221
39361821
213783891
23110821
48190231
34417961
74242791
205504811
104389191
215740941
74399391
194972241
174412081
69842251
127405881
94618771
87543311
NO_ASSET
139508641
135871421
57185021
206532801
38864121
143684061
188708831
113678601
142018991
42112151
191669961
141832691
134332311
297682821
253568141
459501691
110096721
23442841
184274941
187649331
73969261
206021151
26854161
74828191
21449541
190657001
37282011
299883211
31723481
102096251
215033941
294115331
33376231
101387891
20093241
150021041
NO_ASSET
101191261
156550861
146357621
70671031
205172851
102922291
91607011
94972181
31190871
23284801
40667661
249257031
56831411
240707931
153240121
132762711
60729071
205223061
23525741
244184501
46786881
225570791
145119291
230069841
243990691
204029271
26039191
125585501
285146321
22111901
200527861
172924761
191716571
232134471
68582171
92410311
318787601
23946741
48234101
27377651
27733531
27961971
248917631
30578081
228668281
204626301
67359041
82171101
65592681
38812431
211704171
343245831
109707881
46234751
367291961
73222331
24004341
76798521
193495991
42208931
79590611
148545741
143505851
484482041
23695871
25474371
99137251
42208881
85782441
24005461
74828961
77985611
205397191
232168871
151598741
112405701
187325151
23700031
77450881
125129821
22051521
179335241
47297291
68178081
53332811
112811541
64495951
115993251
204153141
137317721
177562831
217228011
148177181
124151201
58275531
33872821
46232501
65931581
151993631
479852581
192613721
46469021
38265161
204671621
205741341
491796601
32636731
71264851
64680271
31703181
20073671
64787191
107100071
44827181
80781271
64405231
211578121
87292511
170212981
249987771
64072921
88296401
167016461
101388371
20073521
53146761
161558471
93947181
121690631
169779781
354082441
62837171
262856841
151255911
50914441
87239311
243997251
464635131
57783791
415543591
397104881
111250681
115918311
81122591
38178341
66405181
28121721
224074921
79003211
208765181
147028681
189003241
51836521
186211001
120040761
71529241
74203451
24866531
145307521
35133261
122849281
114456061
227951381
231419741
30481291
63556211
59584121
47511571
422308681
87003841
40334481
60556211
101388671
80218481
198773431
281379091
170686551
41311811
52473861
60362161
134875541
90814661
74223451
57711951
198830371
39278421
127423631
71671571
68831621
138891951
91730541
28631581
20875501
52523581
41077191
195003601
45847041
26356481
206076151
101104721
79036461
246820271
250881691
211672961
206000231
66341291
62510371
34555261
175966671
205913341
64067831
110143851
88261111
155400151
47176331
104312201
81481911
288102561
112703411
488455241
343177781
205686081
204080811
70169611
211540341
77540951
43385991
117223111
166336981
300845621
48922951
65900471
244507901
80391561
69233271
178944511
112098241
167144091
509782011
104942121
37428131
117531121
85056501
100107151
167044771
63732381
312041091
38703041
133597951
64858461
161493021
205397891
162958221
52085331
205799741
164910691
205794951
147860231
96540731
399310861
205851991
61673471
31011421
65422261
49407231
46335201
110675201
44712291
92155351
84194951
38717741
204563081
101318791
152552881
45851401
69246271
240900421
76700661
244176121
135022211
80766761
123956721
45798101
47235121
135694691
43400091
106084761
86718931
82891121
38358341
110896491
156592201
206143301
477589891
NO_ASSET
NO_ASSET
263232981
32334281
56340241
36821331
64916421
52419841
203134741
429929121
146660561
416560331
446885931
324934511
87537101
343185251
243997661
250761081
60052481
37458381
46778841
52151291
115305451
147991131
81482181
281235811
204229431
110650631
31689851
142724761
104005221
132549991
83374001
84730941
59562981
205981831
239808571
161162541
94378341
205106961
313871311
187324001
47424441
70966741
205254071
33571371
358397191
37417821
195615771
110484101
103609181
45114731
175507311
56984231
199098521
57279781
44260671
130855221
113678641
113678641
36826561
37115941
95389891
88834711
152004531
97475161
250863471
211124991
57266751
38578801
87555241
91979741
204470481
250764021
613640312
43771161
414789611
215734371
228651041
372601591
64954381
30316531
104328791
612759236
82177931
61788221
27381271
69999571
64794711
63698441
125897071
104978931
426429191
131034891
204135141
204135131
141209511
69421321
125843281
117999871
24078471
183660861
126917141
183670821
89426041
56868221
141610591
507985511
204907071
43036391
77582821
26853871
112961061
79831511
55540341
121254251
137919381
68731871
61742901
83681421
31689661
121448261
126532591
31687261
179902471
31529881
88770341
44739891
82817171
205100161
45829641
105403821
37609641
39903241
591873281
29788491
36335021
71489541
68129541
67112011
146346831
42285071
113025361
54054171
90706731
55699191
547564131
244049631
244049501
587766101
141672241
31413551
343178011
197999521
37162461
36928591
279110371
148199681
59361871
142112801
560236101
84885811
210392161
82671631
154641721
126182781
34856121
35701441
157717561
204564671
106835131
262853911
64278691
32715241
81319791
20126501
35572591
204176331
204470651
195765571
144825371
106299751
63381571
79113321
205787191
121346951
136727191
105535571
121350001
111852721
112515431
150496541
26317851
58220501
240662841
87531621
51665161
85940061
65227421
84996761
55167281
89288581
41549881
30537101
63745851
477850181
83302561
123185211
69606621
95569271
70734951
25809661
139432321
161657701
103379081
232682331
171307421
205904051
308288601
44762061
282370901
85481891
294269411
215051891
73389031
50692391
234766221
205379491
212426751
168637711
204282531
118783561
95854331
83839111
110486851
66125201
143151541
65648391
59095461
121232021
72997101
167547201
127780321
139905811
108586231
99026221
71693821
20131771
122258891
112046041
204468621
128590321
135101011
105800021
204571911
214173201
67111781
66570091
75081281
55482321
230771471
206669001
253095181
26596141
54144291
206668731
22248421
58413801
227320211
93850071
62533451
46328721
136429721
121917981
149333631
181642421
55354031
149333621
79419161
46326241
45869021
104898351
46318541
128626501
89092831
106319101
57427001
205906761
56695131
297982601
153261481
87721071
175748861
45237041
396581701
147703181
26849001
218475611
213927571
45993491
42454331
132328041
68154911
255378761
142999191
36333261
52403911
162944491
190870531
46027081
37580921
86910921
38059341
138162101
44350881
85682691
61612931
520620841
565562211
177389601
168408341
40441281
174750321
205475041
223029541
42662431
171217871
34554731
71489461
86919281
79359171
42568481
103013571
87316051
139262851
117252271
246596191
86360711
62181261
136428451
65426281
99661451
144623531
62837361
135017681
37383291
31204601
200409781
608740680
63352881
50854141
57009461
205113721
253518361
45400681
56064031
170677701
71416311
132153201
179843221
205497661
44422621
222821411
187738111
38372341
29635221
91810621
76085301
141653101
52283621
535109391
58995251
147077391
234235711
204244051
407769901
65076931
41343971
506566071
126765121
44659891
205113691
32874381
30106661
142506181
307279891
116590231
172347561
70595431
49034261
173483371
204438961
150705241
44504961
127572771
111829971
107786581
130504651
205654731
203657301
204705491
193296281
162637621
134074621
148505351
132032671
149308641
170431801
24203921
167586521
232702561
250784961
46961921
86004861
76502521
122296861
53545761
147178811
50167291
23947671
62239431
28952841
58916001
155550701
130819201
129840101
105589461
104239521
93088701
40358641
136516031
168029971
205253711
53345531
252858111
32846001
57236211
24137031
49116501
220669791
192063191
141262961
29482551
75688331
66704381
178943011
51940921
121968511
215381581
177564791
63351571
205770481
104893881
142549781
223195221
23026761
39404621
208293871
112742371
204306341
41280381
71795691
82177701
89270591
32401391
33609841
51413071
34975191
134511121
39590061
478542411
121721371
530705741
46606681
103563071
68153571
34387231
298738501
47865341
47629391
50394301
249223851
228069711
246112881
31999371
131242801
465321921
80042651
100342241
130575411
250788641
231812731
120299661
49101761
84938871
195518471
213923701
21824391
188022221
169186181
248108951
89528481
163412261
250425541
31716391
161079761
46367831
141888041
121991851
299775501
173307761
286061171
30728911
80713731
178626291
178106851
105001401
134610931
247911311
126783721
79119151
89700291
237435121
135372711
156513651
31432241
23608211
20269011
183093931
284660901
29859851
609361219
614231628
612012031
613640533
614014223
614511669
51514511
53967221
586647761
145541971
87532351
145182311
252834091
148263041
121115921
144725041
222369341
158533281
118305941
105212851
112985371
287314291
506982001
93192581
187748751
129933801
30479251
349285871
142723771
56990361
24366071
71057411
142393301
85103121
52147251
52738491
64286061
41688131
223767341
65550261
212435691
217537641
570951281
193750161
56369271
29604661
37845121
39696891
20089071
112034511
244053141
212974471
465958611
34782141
109579381
118287911
122855551
216581131
134005251
127320821
24725831
60017481
135696651
166400281
63894671
173947411
178064401
45363901
57101451
104005431
80823941
50527701
26854491
204407741
223923411
206817891
462816941
211800971
169957351
31399241
119649871
64244721
142019651
595499441
208746841
206013181
206159701
173309281
82520771
58125641
131936591
62651521
181609341
104675961
176488841
85104421
313803411
173436361
176195751
